LINESTRING (11225.72021484375 7862.768046061198, 11389.78271484375 7862.768046061198)
LINESTRING (11055.503336588543 7863.084411621095, 11220.85673014323 7863.084411621095)
LINESTRING (1273.1305440266929 2505.6640625, 1438.4849548339844 2505.6640625)
LINESTRING (5215.194193522136 3480.0608317057295, 5380.548604329428 3480.0608317057295)
LINESTRING (5049.839782714844 3480.0608317057295, 5215.194193522136 3480.0608317057295)
LINESTRING (9966.912841796875 7422.446695963542, 10078.938802083334 7161.345418294271)
LINESTRING (9234.396362304688 7402.391560872396, 9386.044311523438 7102.904764811198)
LINESTRING (1971.264139811198 3003.7175496419272, 2222.473907470703 3208.6690266927085)
LINESTRING (8613.844807942709 2433.0052693684897, 8961.520385742188 2558.2077026367188)
LINESTRING (8615.140787760418 2129.4087727864585, 9089.144897460938 2248.729960123698)
LINESTRING (8652.876790364584 1951.3707478841147, 9085.466512044271 1906.792195638021)
LINESTRING (9253.497314453125 3855.632527669271, 9460.669962565105 3609.173075358073)
LINESTRING (6955.633036295573 3851.919555664063, 6743.2810465494795 3511.8657430013022)
LINESTRING (10989.735921223959 3868.3497111002607, 10740.797932942709 3399.594116210938)
LINESTRING (6015.071105957031 3867.277018229167, 5715.8782958984375 3222.569783528646)
LINESTRING (8667.3095703125 2900.2609252929688, 9187.944539388021 3075.2588907877607)
LINESTRING (4281.3140869140625 1820.3389485677085, 4861.06923421224 1636.571248372396)
LINESTRING (4097.748311360678 1756.9610595703127, 3880.7339986165366 1553.1494140625)
LINESTRING (3111.052958170573 7400.181579589845, 2775.864919026693 6954.386393229167)
LINESTRING (10766.603597005209 7687.656656901042, 11063.416544596355 7827.787272135417)
LINESTRING (5416.939798990886 7627.293904622396, 5232.2275797526045 7807.235717773438)
LINESTRING (9208.536783854168 7982.025146484376, 9353.899129231771 8146.262613932292)
LINESTRING (7720.806376139323 7982.3984781901045, 7933.189900716146 8228.561401367188)
LINESTRING (6272.175598144531 7984.536234537761, 6454.68495686849 8231.97733561198)
LINESTRING (1520.3197479248047 2830.7769775390625, 1393.1367238362632 2579.4347127278647)
LINESTRING (5629.742940266928 3800.7832845052085, 5357.323201497396 3537.515258789063)
LINESTRING (4303.358968098959 2333.7895711263022, 4844.1050211588545 2098.156229654948)
