POLYGON ((7859.4736735026045 1643.626912434896, 7868.331909179688 1688.5086059570315, 7877.190144856771 1643.626912434896, 7859.4736735026045 1643.626912434896))
POLYGON ((7877.190144856771 1804.2561848958335, 7868.331909179688 1759.374491373698, 7859.4736735026045 1804.2561848958335, 7877.190144856771 1804.2561848958335))
POLYGON ((6075.948079427084 4224.016825358073, 6120.829772949219 4215.15858968099, 6075.948079427084 4206.300354003906, 6075.948079427084 4224.016825358073))
POLYGON ((5905.86903889974 4215.15858968099, 5950.751241048178 4206.300354003906, 5950.751241048178 4224.016825358073, 5905.86903889974 4215.15858968099))
POLYGON ((3766.5295918782554 1962.0519002278647, 3775.3880818684897 2006.9335937500002, 3784.246317545573 1962.0519002278647, 3766.5295918782554 1962.0519002278647))
POLYGON ((3784.246317545573 1733.3902994791667, 3775.3880818684897 1688.5086059570315, 3766.5295918782554 1733.3902994791667, 3784.246317545573 1733.3902994791667))
POLYGON ((7145.003763834636 2942.8390502929688, 7153.86199951172 2987.7207438151045, 7162.720235188803 2942.8390502929688, 7145.003763834636 2942.8390502929688))
POLYGON ((7153.86199951172 1688.5086059570315, 7162.720235188803 1733.3902994791667, 7145.003763834636 1733.3902994791667, 7153.86199951172 1688.5086059570315))
POLYGON ((7515.189107259115 2700.0045776367188, 7524.047342936198 2744.8862711588545, 7532.905578613282 2700.0045776367188, 7515.189107259115 2700.0045776367188))
POLYGON ((7524.047342936198 1688.5086059570315, 7532.905578613282 1733.3902994791667, 7515.189107259115 1733.3902994791667, 7524.047342936198 1688.5086059570315))
POLYGON ((11714.912923177084 1688.5086059570315, 11723.771158854168 1733.3902994791667, 11706.0546875 1733.3902994791667, 11714.912923177084 1688.5086059570315))
POLYGON ((11706.0546875 3881.106567382813, 11714.912923177084 3925.9887695312505, 11723.771158854168 3881.106567382813, 11706.0546875 3881.106567382813))
POLYGON ((11142.877197265625 4455.45399983724, 11097.994995117188 4464.312235514323, 11097.994995117188 4446.595764160156, 11142.877197265625 4455.45399983724))
POLYGON ((5905.86903889974 4455.45399983724, 5950.751241048178 4446.595764160156, 5950.751241048178 4464.312235514323, 5905.86903889974 4455.45399983724))
POLYGON ((8524.372863769531 4455.45399983724, 8569.254557291668 4464.312235514323, 8569.254557291668 4446.595764160156, 8524.372863769531 4455.45399983724))
POLYGON ((8479.491170247396 4464.312235514323, 8479.491170247396 4446.595764160156, 8524.372863769531 4455.45399983724, 8479.491170247396 4464.312235514323))
POLYGON ((1888.9319101969402 2709.733072916667, 1844.0500895182292 2718.59130859375, 1844.0500895182292 2700.8748372395835, 1888.9319101969402 2709.733072916667))
POLYGON ((1652.7114868164065 2709.733072916667, 1697.5934346516929 2700.8748372395835, 1697.5934346516929 2718.59130859375, 1652.7114868164065 2709.733072916667))
POLYGON ((8543.577067057293 6249.6185302734375, 8498.694864908855 6258.476765950521, 8498.694864908855 6240.7602945963545, 8543.577067057293 6249.6185302734375))
POLYGON ((3240.4271443684897 6249.6185302734375, 3285.3088378906255 6240.7602945963545, 3285.3088378906255 6258.476765950521, 3240.4271443684897 6249.6185302734375))
POLYGON ((7034.127807617188 6730.91786702474, 7079.009501139323 6722.059631347657, 7034.127807617188 6713.201395670573, 7034.127807617188 6730.91786702474))
POLYGON ((3240.4271443684897 6722.059631347657, 3285.3088378906255 6713.201395670573, 3285.3088378906255 6730.91786702474, 3240.4271443684897 6722.059631347657))
POLYGON ((5614.442952473959 7194.500732421876, 5569.560750325521 7203.358968098959, 5569.560750325521 7185.642496744792, 5614.442952473959 7194.500732421876))
POLYGON ((3240.4271443684897 7194.500732421876, 3285.3088378906255 7185.642496744792, 3285.3088378906255 7203.358968098959, 3240.4271443684897 7194.500732421876))
POLYGON ((10282.159423828125 5786.0361735026045, 10327.041625976562 5777.177937825521, 10282.159423828125 5768.3197021484375, 10282.159423828125 5786.0361735026045))
POLYGON ((3240.4271443684897 5777.177937825521, 3285.3088378906255 5768.3197021484375, 3285.3088378906255 5786.0361735026045, 3240.4271443684897 5777.177937825521))
POLYGON ((8817.592366536459 6022.2564697265625, 8862.474568684896 6013.3982340494795, 8817.592366536459 6004.539998372396, 8817.592366536459 6022.2564697265625))
POLYGON ((3240.4271443684897 6013.3982340494795, 3285.3088378906255 6004.539998372396, 3285.3088378906255 6022.2564697265625, 3240.4271443684897 6013.3982340494795))
POLYGON ((7397.9075113932295 6485.838826497396, 7353.025309244792 6494.6970621744795, 7353.025309244792 6476.980590820313, 7397.9075113932295 6485.838826497396))
POLYGON ((3240.4271443684897 6485.838826497396, 3285.3088378906255 6476.980590820313, 3285.3088378906255 6494.6970621744795, 3240.4271443684897 6485.838826497396))
POLYGON ((5888.458760579428 6967.138671875001, 5933.3404541015625 6958.280436197917, 5888.458760579428 6949.422200520834, 5888.458760579428 6967.138671875001))
POLYGON ((3240.4271443684897 6958.280436197917, 3285.3088378906255 6949.422200520834, 3285.3088378906255 6967.138671875001, 3240.4271443684897 6958.280436197917))
POLYGON ((3781.076812744141 2326.3036092122397, 3772.2185770670576 2281.4219156901045, 3763.360341389974 2326.3036092122397, 3781.076812744141 2326.3036092122397))
POLYGON ((3763.360341389974 2142.0516967773438, 3772.2185770670576 2186.9333902994795, 3781.076812744141 2142.0516967773438, 3763.360341389974 2142.0516967773438))
