LINESTRING (3772.2185770670576 2326.3036092122397, 3772.2185770670576 2413.409423828125)
LINESTRING (3772.2185770670576 2142.0516967773438, 3772.2185770670576 2074.4333902994795)
LINESTRING (5569.560750325521 7194.500732421876, 4301.7822265625 7194.500732421876)
LINESTRING (3285.3088378906255 7194.500732421876, 3972.648366292318 7194.500732421876)
LINESTRING (5888.458760579428 6958.280436197917, 4751.450602213542 6958.280436197917)
LINESTRING (3285.3088378906255 6958.280436197917, 4422.316996256511 6958.280436197917)
LINESTRING (7034.127807617188 6722.059631347657, 5149.278259277344 6722.059631347657)
LINESTRING (3285.3088378906255 6722.059631347657, 4820.1446533203125 6722.059631347657)
LINESTRING (7353.025309244792 6485.838826497396, 5483.734130859375 6485.838826497396)
LINESTRING (3285.3088378906255 6485.838826497396, 5154.600524902344 6485.838826497396)
LINESTRING (8498.694864908855 6249.6185302734375, 5885.6638590494795 6249.6185302734375)
LINESTRING (3285.3088378906255 6249.6185302734375, 5556.529744466146 6249.6185302734375)
LINESTRING (8817.592366536459 6013.3982340494795, 6216.017659505209 6013.3982340494795)
LINESTRING (3285.3088378906255 6013.3982340494795, 5886.883544921875 6013.3982340494795)
LINESTRING (10282.159423828125 5777.177937825521, 6660.610961914063 5777.177937825521)
LINESTRING (3285.3088378906255 5777.177937825521, 6331.4768473307295 5777.177937825521)
LINESTRING (1697.5934346516929 2709.733072916667, 1844.0500895182292 2709.733072916667)
LINESTRING (11097.994995117188 4455.45399983724, 10258.064778645834 4455.45399983724)
LINESTRING (8479.491170247396 4455.45399983724, 7398.585510253907 4455.45399983724)
LINESTRING (5950.751241048178 4455.45399983724, 7031.656392415365 4455.45399983724)
LINESTRING (8569.254557291668 4455.45399983724, 9891.135660807293 4455.45399983724)
LINESTRING (5950.751241048178 4215.15858968099, 6075.948079427084 4215.15858968099)
LINESTRING (7153.86199951172 1733.3902994791667, 7153.86199951172 2376.8203735351562)
LINESTRING (7153.86199951172 2942.8390502929688, 7153.86199951172 2721.7025756835938)
LINESTRING (7524.047342936198 1733.3902994791667, 7524.047342936198 1867.7983601888022)
LINESTRING (7524.047342936198 2700.0045776367188, 7524.047342936198 2212.6800537109375)
LINESTRING (7868.331909179688 1804.2561848958335, 7868.331909179688 1871.874491373698)
LINESTRING (7868.331909179688 1643.626912434896, 7868.331909179688 1507.3282877604167)
LINESTRING (11714.912923177084 1733.3902994791667, 11714.912923177084 2722.2091674804688)
LINESTRING (11714.912923177084 3881.106567382813, 11714.912923177084 2892.2876993815107)
LINESTRING (3775.3880818684897 1733.3902994791667, 3775.3880818684897 1762.681579589844)
LINESTRING (3775.3880818684897 1962.0519002278647, 3775.3880818684897 1932.7601114908855)
