LINESTRING (4158.867390950521 2281.4219156901045, 3734.659576416016 2281.4219156901045)
LINESTRING (4158.867390950521 2186.9333902994795, 3734.659576416016 2186.9333902994795)
LINESTRING (3240.4271443684897 7417.274983723959, 3240.4271443684897 5739.618428548178)
LINESTRING (3240.4271443684897 7417.274983723959, 3240.4271443684897 5739.618428548178)
LINESTRING (3240.4271443684897 7417.274983723959, 3240.4271443684897 5739.618428548178)
LINESTRING (3240.4271443684897 7417.274983723959, 3240.4271443684897 5739.618428548178)
LINESTRING (3240.4271443684897 7417.274983723959, 3240.4271443684897 5739.618428548178)
LINESTRING (3240.4271443684897 7417.274983723959, 3240.4271443684897 5739.618428548178)
LINESTRING (3240.4271443684897 7417.274983723959, 3240.4271443684897 5739.618428548178)
LINESTRING (5614.442952473959 7555.8909098307295, 5614.442952473959 7156.941731770834)
LINESTRING (5933.3404541015625 7696.959940592448, 5933.3404541015625 6920.720926920573)
LINESTRING (7079.009501139323 7555.8909098307295, 7079.009501139323 6684.500630696615)
LINESTRING (7397.9075113932295 7696.959940592448, 7397.9075113932295 6448.2798258463545)
LINESTRING (8543.577067057293 7555.8909098307295, 8543.577067057293 6212.059529622396)
LINESTRING (8862.474568684896 7696.959940592448, 8862.474568684896 5975.8392333984375)
LINESTRING (10327.041625976562 7417.038981119792, 10327.041625976562 5739.618428548178)
LINESTRING (1652.7114868164065 2852.044169108073, 1652.7114868164065 2672.174072265625)
LINESTRING (1888.9319101969402 2932.8313191731772, 1888.9319101969402 2672.174072265625)
LINESTRING (1888.9319101969402 2709.733072916667, 1911.1016591389975 2709.733072916667)
LINESTRING (5905.86903889974 3999.571228027344, 5905.86903889974 4493.013000488281)
LINESTRING (5905.86903889974 3999.571228027344, 5905.86903889974 4493.013000488281)
LINESTRING (6120.829772949219 3944.768269856771, 6120.829772949219 4252.718098958334)
LINESTRING (6120.829772949219 4215.15858968099, 6264.790852864584 4215.15858968099)
LINESTRING (11516.888427734375 3925.9887695312505, 11752.471923828125 3925.9887695312505)
LINESTRING (8421.735127766928 2987.7207438151045, 7116.302998860678 2987.7207438151045)
LINESTRING (8524.372863769531 3999.571228027344, 8524.372863769531 4493.013000488281)
LINESTRING (8524.372863769531 3999.571228027344, 8524.372863769531 4493.013000488281)
LINESTRING (8464.254760742188 2744.8862711588545, 7486.488342285157 2744.8862711588545)
LINESTRING (8505.593363444012 1759.374491373698, 7830.772908528646 1759.374491373698)
LINESTRING (8459.530639648438 1688.5086059570315, 7116.302998860678 1688.5086059570315)
LINESTRING (8459.530639648438 1688.5086059570315, 7116.302998860678 1688.5086059570315)
LINESTRING (8459.530639648438 1688.5086059570315, 7116.302998860678 1688.5086059570315)
LINESTRING (8597.955322265625 1688.5086059570315, 11752.471923828125 1688.5086059570315)
LINESTRING (11142.877197265625 3999.571228027344, 11142.877197265625 4493.013000488281)
LINESTRING (4111.977640787761 2006.9335937500002, 3737.8288269042973 2006.9335937500002)
LINESTRING (4067.686208089193 1688.5086059570315, 3737.8288269042973 1688.5086059570315)
