POLYGON ((4299.820454915365 2325.6688435872397, 4262.213897705078 2351.719156901042, 4306.897481282553 2341.9102986653647, 4299.820454915365 2325.6688435872397))
POLYGON ((5623.5870361328125 3807.1533203125005, 5662.016805013021 3831.9727579752607, 5635.898844401042 3794.413757324219, 5623.5870361328125 3807.1533203125005))
POLYGON ((1512.4158223470054 2834.7763061523438, 1540.5840555826824 2870.8236694335938, 1528.2238006591797 2826.7771402994795, 1512.4158223470054 2834.7763061523438))
POLYGON ((6279.304504394531 7979.278055826823, 6245.534261067709 7948.416646321615, 6265.046691894531 7989.794413248698, 6279.304504394531 7979.278055826823))
POLYGON ((7727.513122558595 7976.6123453776045, 7691.487121582032 7948.416646321615, 7714.099121093751 7988.185628255209, 7727.513122558595 7976.6123453776045))
POLYGON ((9215.170288085938 7976.1545817057295, 9178.790283203125 7948.416646321615, 9201.903279622396 7987.896219889323, 9215.170288085938 7976.1545817057295))
POLYGON ((5423.1211344401045 7633.639526367188, 5449.088541666667 7595.975748697917, 5410.758463541667 7620.949300130209, 5423.1211344401045 7633.639526367188))
POLYGON ((10770.3857421875 7679.646301269532, 10726.017252604168 7668.495686848959, 10762.821451822918 7695.6675211588545, 10770.3857421875 7679.646301269532))
POLYGON ((3103.972880045573 7405.505371093751, 3138.0254109700522 7436.0544840494795, 3118.133290608724 7394.857788085938, 3103.972880045573 7405.505371093751))
POLYGON ((4091.683959960938 1763.4180704752605, 4130.464172363281 1787.6866658528647, 4103.812662760417 1750.5040486653647, 4091.683959960938 1763.4180704752605))
POLYGON ((4278.6376953125 1811.894734700521, 4238.53022257487 1833.8999430338542, 4283.990987141928 1828.783162434896, 4278.6376953125 1811.894734700521))
POLYGON ((8670.132446289062 2891.8645222981772, 8624.767049153646 2885.961405436198, 8664.487711588543 2908.6578369140625, 8670.132446289062 2891.8645222981772))
POLYGON ((6007.036336263021 3871.006266276042, 6033.964538574219 3907.988484700521, 6023.106384277344 3863.548278808594, 6007.036336263021 3871.006266276042))
POLYGON ((10981.912231445312 3872.5041707356772, 11010.786946614584 3907.988484700521, 10997.559611002605 3864.194742838542, 10981.912231445312 3872.5041707356772))
POLYGON ((6948.119099934896 3856.6116333007817, 6979.405721028646 3889.988708496094, 6963.146464029948 3847.227986653646, 6948.119099934896 3856.6116333007817))
POLYGON ((9246.71630859375 3849.932352701823, 9224.617513020834 3889.988708496094, 9260.2783203125 3861.332194010417, 9246.71630859375 3849.932352701823))
POLYGON ((8651.968383789062 1942.559305826823, 8608.231608072918 1955.9717814127605, 8653.785196940105 1960.1821899414065, 8651.968383789062 1942.559305826823))
POLYGON ((8617.303466796875 2120.818583170573, 8571.617635091146 2118.4524536132812, 8612.979125976562 2137.999471028646, 8617.303466796875 2120.818583170573))
POLYGON ((8616.845703125 2424.6709187825522, 8571.617635091146 2417.7988688151045, 8610.842895507812 2441.3396199544272, 8616.845703125 2424.6709187825522))
POLYGON ((1976.8638610839846 2996.8541463216147, 1936.4878336588542 2975.3453572591147, 1965.6642913818362 3010.581461588542, 1976.8638610839846 2996.8541463216147))
POLYGON ((9226.493326822918 7398.3896891276045, 9214.120483398438 7442.4326578776045, 9242.299397786459 7406.392923990886, 9226.493326822918 7398.3896891276045))
POLYGON ((9958.772786458334 7418.953450520834, 9949.216715494793 7463.692220052084, 9975.053914388021 7425.938924153646, 9958.772786458334 7418.953450520834))
